50 5 0
0 98232 0 1 1 4
1 13271 0 0 2 19
2 22592 1 0 2 20
3 11085 0 0 3 10
4 40754 0 0 3 19
5 6127 0 0 3 18
6 2730 0 0 3 13
7 41856 0 0 3 10
8 30080 0 0 4 8
9 82495 0 0 4 17
10 14621 0 0 4 3
11 72797 0 0 5 11
12 37761 0 0 6 2
13 7543 1 0 6 4
14 5364 0 0 6 9
15 95355 0 0 6 24
16 39647 0 0 7 23
17 97541 0 0 7 4
18 4699 0 0 8 9
19 93066 0 0 8 2
20 25349 0 0 8 13
21 95263 0 0 8 6
22 53509 0 0 8 3
23 68121 0 0 9 24
24 8607 0 0 10 24
25 79460 0 0 10 20
26 19386 0 0 11 10
27 64153 0 1 11 14
28 67213 0 0 12 6
29 18754 0 0 12 2
30 7228 0 0 14 7
31 33944 0 0 15 8
32 40631 0 0 15 5
33 49809 0 0 15 23
34 82586 0 0 18 13
35 88112 0 0 18 7
36 62716 0 0 20 13
37 15335 0 0 21 6
38 49987 0 0 22 11
39 90680 0 0 22 17
40 49053 0 0 23 7
41 83544 0 0 25 6
42 54006 0 0 28 16
43 57927 0 0 28 4
44 44024 0 0 31 22
45 89114 0 0 32 15
46 6659 0 0 39 11
47 47234 0 0 42 3
48 17484 0 0 42 5
49 25016 0 0 60 14