50 5 1
0 87857 0 0 1 4
1 66573 1 0 2 22
2 96343 0 0 2 8
3 92568 0 0 3 23
4 19830 0 0 3 6
5 30792 0 0 3 23
6 48477 0 0 3 14
7 45978 0 0 3 6
8 96240 0 1 4 16
9 75161 1 0 4 17
10 26649 0 0 4 12
11 18458 0 1 5 16
12 11318 0 0 6 9
13 55668 0 1 6 15
14 76810 0 0 6 22
15 11126 0 0 6 22
16 97883 0 0 7 2
17 68359 0 0 7 16
18 15513 0 0 8 24
19 32640 0 0 8 23
20 26747 0 0 8 9
21 74867 0 0 8 4
22 70237 0 1 8 19
23 52711 0 0 9 12
24 10488 0 0 10 17
25 98589 0 0 10 19
26 13745 0 0 11 13
27 51565 0 0 11 11
28 37243 0 0 12 2
29 20877 0 1 12 11
30 6238 0 0 14 10
31 8845 0 0 15 17
32 27807 0 1 15 21
33 70800 0 0 15 24
34 26569 0 0 18 13
35 61036 0 0 18 14
36 8359 0 0 20 16
37 83328 0 0 21 6
38 37200 0 0 22 22
39 13405 0 0 22 9
40 19494 0 0 23 15
41 14488 0 0 25 8
42 60700 1 0 28 14
43 26284 0 0 28 6
44 76929 0 0 31 9
45 63483 1 0 32 21
46 37590 0 0 39 20
47 87400 0 1 42 18
48 33722 1 1 42 5
49 5260 0 0 60 19